89375
53330
-2886
-34429
87650
54825
-14696
-67252
4256
62490
-35369
-44381
46446
39232
-9486
-5913
1877
36005
-15035
-2784
78309
75998
-89397
-88560
63022
96634
-34468
-23672
88907
19893
-24230
-91419
52874
22492
-64582
-28863
597
6496
-86570
-66613
9539
11010
-33451
-95571
64830
40636
-36811
-11505
17897
48248
-13328
-57121
57452
87315
-76921
-47614
28621
14712
-24528
-74013
23638
79734
-79906
-75505
46316
52133
-54994
-54917
80891
6829
-88642
-91179
70087
66388
-67542
-87973
42309
47935
-12016
-50918
16765
30107
-14526
-4606
2639
61615
-33739
-7759
18716
19058
-50643
-90529
92441
77908
-19310
-28646
82708
42165
-46685
-38816
27178
68193
-70375
-84724
57281
78465
-25333
-66877
52422
80011
-26923
-22040
12324
8915
-64893
-73831
71943
98168
-80140
-14279
18100
79937
-68360
-89474
46677
1530
-25504
-61155
2097
98288
-78827
-53652
2891
21215
-82442
-37774
80660
61685
-79167
-85771
1258
35110
-6418
-87841
84577
39907
-48475
-18489
22948
75175
-52614
-86296
79733
9798
-16306
-77260
63704
90564
-55805
-11578
58889
23062
-30379
-11154
26312
67885
-73854
-67156
56488
42497
-76812
-96370
8946
68058
-75640
-63158
67803
42536
-36860
-49398
16385
96943
-92949
-74037
74884
93648
-36990
-58683
77744
34534
-40383
-63099
86286
35829
-93992
-1043
67236
38286
-69746
-45443
42972
37484
-16386
-56452
97604
76667
-71342
-99771
10899
60145
-84484
-80533
10565
28259
-71138
-59930
33728
16897
-54922
-91944
18462
27187
-57112
-30385
55926
2632
-93124
-68237
69560
27068
-30596
-81803
90766
68818
-35424
-89185
66437
4605
-69793
-47114
55184
1377
-72331
-71431
91312
24458
-30717
-73562
18284
43443
-13877
-26872
27201
52154
-45226
-71054
71680
6916
-3170
-47694
12204
38710
-19467
-90040
65146
4703
-61286
-47584
70448
69290
-20307
-25861
93300
17513
-57009
-28020
66799
74477
-96582
-74281
87890
71128
-6291
-4226
54182
95887
-50901
-45018
3148
15199
-50630
-46931
75993
67584
-87210
-92973
8435
47784
-47352
-92583
31652
13576
-93441
-59046
95565
46723
-86867
-2553
47734
82112
-18386
-13752
89009
75204
-65147
-82901
24727
2770
-95911
-84181
80552
30331
-74705
-8392
30218
40243
-47732
-58944
64393
78395
-50464
-30440
32571
81217
-15859
-64901
80267
60503
-86395
-66182
9737
56865
-67270
-95705
50913
9762
-13137
-7562
64172
68978
-92050
-43121
59631
73097
-80334
-16359
42831
41613
-40497
-92163
31122
93209
-42905
-54899
80123
32309
-55344
-51138
15477
55280
-69190
-34270
9146
88936
-27778
-30280
63319
57951
-53457
-41437
16151
75349
-88282
-78512
18345
66216
-29979
-41851
85550
94281
-14914
-9875
43529
94327
-19353
-18182
76217
60371
-21267
-29613
92801
46369
-66024
-25830
68298
70600
-98532
-816
66978
72146
-42871
-12386
67503
94013
-52145
-11832
97762
12380
-49125
-71124
79126
86647
-96956
-52466
79709
93903
-23628
-31896
35613
58642
-6776
-49940
51057
23707
-43144
-1138
57741
70243
-94703
-71777
22026
10353
-96260
-97565
40177
91768
-69607
-2988
32983
11020
-5907
-17659
9311
7046
-18211
-82212
2850
61701
-30030
-8576
64594
57282
-74602
-903
60126
78254
-10298
-32462
13021
65759
-99979
-99409
26645
76466
-55400
-66164
38899
7297
-38852
-53399
35154
3481
-35242
-62830
87504
14902
-39954
-49368
69457
46923
-81083
-8355
28941
68796
-82685
-26668
42196
86865
-17741
-19602
65267
95305
-49215
-71118
54690
34669
-34021
-76117
9572
78260
-23748
-61973
25386
70915
-12388
-20640
9179
5018
-97650
-12561
45591
47923
-7829
-47791
19104
14524
-61449
-18711
6149
50795
-56075
-35259
86828
7607
-91218
-35652
1162
82683
-61747
-28090
99996
24901
-83106
-74465
47919
63191
-37685
-7463
55721
87258
-3641
-24874
35481
34794
-5502
-31890
16001
58464
-82147
-14586
79168
54905
-5202
-80433
5773
75359
-55687
-58626
10038
83170
-41690
-63045
61006
40812
-90080
-22893
66562
7135
-62681
-83175
45431
33995
-39354
-78518
93175
36266
-21418
-36147
94384
32583
-57593
-38749
47022
70590
-65152
-50021
56361
55649
-39130
-77504
7542
79095
-61724
-28802
26846
69363
-56798
-89022
38466
22296
-46886
-11030
35623
88761
-75906
-65350
308
52525
-99961
-38617
82191
94073
-97029
-17785
34291
46403
-17223
-83752
89215
21615
-99907
-69753
75232
43089
-34807
-59389
2082
98989
-30398
-94098
48267
32403
-99770
-28206
4521
19207
-61971
-55025
43176
78177
-70965
-70996
53086
91843
-8443
-50075
27872
67256
-18720
-46149
3203
72396
-77174
-44507
27991
81897
-14420
-61826
11701
99575
-10287
-27704
40753
93676
-89598
-20137
48148
75661
-18356
-35336
79898
79535
-17609
-59461
39360
629
-81572
-17544
34229
42196
-58416
-70224
78168
64621
-72211
-83053
52080
52839
-97238
-16291
3739
57605
-67894
-27344
95622
85329
-8187
-12209
12788
34012
-19644
-25185
8829
483
-85229
-84852
56907
79000
-30372
-43975
47297
37366
-9924
-82968
50477
42732
-66021
-43252
67576
14839
-26975
-77337
91870
41967
-70632
-57373
63634
59727
-42493
-81084
37842
61224
-97577
-2622
51451
83427
-79835
-76360
12688
79983
-48269
-16974
10408
45995
-62726
-50372
77002
70437
-18394
-52347
7827
85311
-47084
-64972
78149
26795
-87657
-30044
77775
3403
-40252
-32242
50428
19687
-45348
-6751
31701
56662
-71625
-16684
13657
62698
-66195
-48725
71547
99561
-32659
-33820
18841
11618
-8736
-1790
16770
2129
-78882
-59544
18860
63057
-16743
-18449
44857
91922
-7836
-21407
93523
84336
-12636
-46943
74338
57201
-97635
-8781
31736
92507
-76206
-61428
70105
2113
-79811
-87963
27516
17703
-26224
-11396
58518
52996
-97729
-84014
62038
48739
-66619
-6304
97534
1020
-66834
-10502
9949
14593
-35601
-70349
14470
69564
-99283
-14760
75650
78951
-68945
-7873
70270
90119
-76002
-23386
37232
32045
-13619
-49540
32564
7892
-80964
-72369
1599
32348
-68799
-66618
85916
1994
-48510
-20989
33253
81737
-27208
-28500
40556
17664
-80653
-59419
66399
96114
-54038
-11426
9726
30123
-68040
-63254
1076
53823
-28265
-53223
77054
7878
-44740
-83804
45990
29712
-86475
-16264
38778
68837
-63793
-76694
74277
30847
-66465
-64344
87603
338
-25772
-19948
83484
77054
-66330
-46327
68502
46562
-64232
-13087
24370
32749
-8459
-50928
36679
9243
-84455
-54114
21117
59567
-44673
-17857
38939
12569
-43217
-86935
21562
1514
-61535
-86091
20838
88187
-6865
-68856
96186
95499
-48886
-54214
34776
79721
-46705
-69767
33753
93800
-53455
-55289
7895
46680
-96830
-28999
35378
99426
-3051
-28800
90402
57801
-59570
-86180
12756
44286
-68566
-32934
64426
1311
-32517
-34772
20957
91463
-68683
-1868
33206
17420
-74269
-64559
75019
90526
-92694
-96881
71467
43095
-90232
-32366
12066
9635
-54611
-25827
35503
65221
-93850
-47047
72858
60885
-60484
-26324
92157
11030
-48512
-5432
13427
6735
-96170
-78372
8694
3836
-93428
-29626
81559
68282
-85181
-17427
78377
94783
-91859
-90469
8968
2211
-23444
-19949
40724
37019
-26266
-48390
128
26503
-96934
-72023
39693
54143
-62979
-85159
12071
93762
-37505
-15582
38709
87361
-66452
-34940
48160
26846
-20674
-43277
83634
37783
-36671
-18568
55082
33399
-60654
-45943
81882
39477
-93927
-42699
31786
59069
-51265
-37751
70502
61471
-2096
-66763
53969
12013
-30877
-99642
7000
95338
-44058
-2785
84706
50729
-33560
-57205
62894
71190
-95082
-19330
44905
72744
-5543
-55382
51917
36055
-46752
-54340
51806
73927
-56241
-74147
28005
39987
-91265
-37433
21674
58795
-87696
-9724
85411
71392
-35766
-53705
63984
36045
-40578
-1066
39535
23347
-28228
-24675
5178
80025
-72635
-97615
13692
95463
-56167
-90060
56793
15138
-49842
-92003
48574
57922
-53869
-6137
2258
51227
-23059
-54466
23741
29643
-51422
-68692
86664
74940
-77938
-37084
82936
54609
-31833
-81201
12980
32853
-98416
-90584
24495
55939
-89134
-80231
25260
38514
-13600
-21260
59131
28702
-99553
-58001
46168
4689
-2990
-64765
5769
99107
-68117
-80732
4248
18877
-75658
-70883
88482
18960
-24222
-11107
13439
10346
-40755
-35578
15434
62725
-19776
-95239
41380
23296
-49231
-63620
6985
46327
-49598
-43965
83462
53913
-69702
-38705
97467
6134
-95404
-12499
42871
37244
-55413
-83764
21052
68613
-20519
-74947
66256
45954
-85053
-16322
43176
67474
-38022
-54750
32447
14443
-33101
-87977
32878
49413
-2781
-39728
2154
77563
-92472
-72556
24252
59174
-14373
-75515
44927
61325
-69518
-47451
4990
78332
-62006
-14395
42008
46544
-49532
-11203
20578
88046
-88390
-99938
87884
34156
-11509
-11928
5051
76061
-31367
-76377
38506
38696
-99304
-14477
64758
58609
-84517
-9748
50583
69912
-53444
-40354
78494
16496
-47191
-5378
237
6036
-35627
-99201
963
92859
-59916
-9572
97854
61815
-59168
-57223
437
16107
-61812
-42030
66062
797
-52013
-16380
56956
90961
-78062
-42776
18349
33793
-97792
-43003
81543
28381
-18466
-22234
33957
92491
-40426
-28851
71854
70459
-12601
-27226
87515
47436
-86136
-21876
32511
59054
-84403
-85134
40447
96321
-72697
-47634
56170
46456
-54264
-24607
34272
55540
-22814
-9018
8909
85966
-45778
-66125
75
63073
-8562
-95274
23085
21615
-70726
-97377
85313
32402
-61828
-59452
34288
18583
-15331
-89494
92810
39665
-31987
-20694
46260
34172
-8508
-92993
23324
73540
-12290
-19140
35676
49098
-20611
-91011
72730
53051
-72058
-84930
5633
83258
-56228
-57889
78995
7407
-67225
-53029
38371
82480
-59524
-26371
3842
82313
-74041
-35030
94864
67637
-20956
-92874
35453
60745
-65315
-39462
38394
36857
-87507
-86038
28708
28231
-52432
-51199
7313
17503
-31216
-61297
99282
4626
-45531
-43694
6661
70315
-97359
-15015
93985
6653
-83723
-9993
25387
23207
-21078
-43159
90637
15983
-7296
-10971
34583
16893
-47980
-96063
96227
35881
-90038
-97819
95737
97452
-20972
-25228
61105
41759
-39400
-70252
66558
37154
-19319
-5807
56559
69306
-2488
-84960
31360
77464
-25957
-53747
66685
93340
-45065
-16930
71077
59850
-72854
-99877
88201
20548
-43275
-86506
64708
74872
-65718
-89774
94877
30849
-41118
-6530
61332
39083
-86115
-76681
33600
79719
-52543
-54541
63268
80419
-50849
-29189
19317
81858
-70827
-73398
50935
90245
-86777
-78309
5443
47798
-68786
-839
75045
7191
-78151
-68306
66767
53315
-98448
-26276
70002
24148
-18334
-74179
86756
3655
-35014
-49346
69047
99135
-11584
-27765
70340
91805
-17243
-75174
52418
49003
-80366
-12827
27422
72467
-27800
-80159
49841
46007
-25691
-83146
6192
909
-89347
-44060
21496
13050
-15025
-20937
87508
80476
-92633
-94900
39971
72000
-6556
-85133
99152
30594
-36495
-98245
62159
64518
-85437
-8699
49647
46195
-57588
-32603
77550
63649
-57662
-81100
47405
71428
-71026
-22718
4630
99508
-22124
-16170
19127
95744
-2750
-32595
32434
8167
-10820
-45719
95199
93024
-57621
-51188
99121
49052
-40210
-13938
45879
24916
-4553
-99275
7288
22914
-33819
-39587
88009
31053
-99576
-82827
15109
22416
-62334
-83886
53289
26038
-77693
-21232
966
6495
-8755
-91684
69384
1485
-60354
-13337
8131
98730
-44393
-93668
25711
54414
-91650
-73728
76650
52014
-3164
-99776
72253
85489
-61436
-67804
90548
37064
-54739
-39151
32061
81323
-98581
-79866
65366
43105
-61019
-88411
49678
30836
-51238
-77972
68491
79833
-26400
-96655
71926
8462
-71091
-90798
39916
33181
-96359
-21179
32464
31896
-60534
-51450
24029
73821
-91813
-87915
81687
29854
-50442
-85135
15787
73390
-23649
-59452
98998
5526
-59254
-12985
98437
72121
-14625
-87097
61384
57053
-28218
-45087
23726
56643
-98748
-38155
95090
43671
-67668
-35836
87336
82124
-84568
-1547
61830
97187
-97852
-80207
87547
88546
-76988
-24332
62900
6808
-76166
-11457
22508
25352
-75367
-68848
25972
91681
-44128
-28463
80004
66265
-63946
-1862
98485
26195
-18307
-27636
24785
62007
-17839
-54023
23464
36925
-87885
-57112
28290
46800
-4425
-75824
8932
73740
-44270
-60594
61458
66722
-98311
-31175
41124
77719
-48699
-16229
66442
51656
-16713
-97360
1130
81168
-57723
-96829
3849
89273
-24133
-72849
46900
57042
-25955
-9725
84406
60282
-67648
-5679
61299
24710
-95802
-11251
36491
99185
-27679
-45036
94152
78054
-92527
-85954
62870
84399
-66104
-82006
13125
55714
-33825
-26876
69122
41841
-24733
-47214
25885
27514
-39191
-44359
86423
22266
-55221
-57044
46974
72000
-20320
-73708
38936
6206
-52916
-60573
77803
75269
-59599
-13344
31851
62913
-16042
-20250
43635
93654
-28573
-59659
68599
87024
-42472
-26169
6736
98755
-32966
-44258
13086
59108
-54235
-2523
98971
61957
-99176
-4577
15266
3347
-9476
-37988
41457
89106
-21012
-77711
53378
85168
-73794
-31414
11348
90487
-93468
-4370
49734
59697
-23885
-82062
40535
55385
-70798
-66233
73500
78968
-86361
-42377
4376
50999
-23526
-42987
10407
55312
-35652
-62860
82498
55150
-79695
-32646
35977
11805
-88851
-56282
1267
35711
-79736
-31814
28515
42738
-21194
-56028
72797
1266
-48133
-27677
50166
63456
-23687
-79141
60167
3500
-95908
-44407
1185
7851
-49554
-31110
56890
65945
-75059
-57798
27703
50724
-40663
-2959
39830
8152
-65825
-34307
82363
438
-89615
-50994
56261
93975
-79659
-80196
14883
19765
-6400
-98087
70016
32163
-4255
-84595
44861
79918
-18853
-93746
13542
58302
-78570
-83159
6808
37144
-40891
-74073
88883
36545
-65187
-88529
81638
34613
-72308
-91736
31678
41907
-98591
-47588
7888
9479
-22698
-83346
22625
36382
-3757
-46485
22106
59205
-45128
-14664
85509
78402
-32222
-60216
98285
7301
-65407
-40463
3665
6900
-14303
-13176
55268
9022
-91529
-83647
87491
48077
-34919
-82224
40420
16330
-17590
-30091
31578
64097
-32137
-81851
37100
32907
-73650
-32659
68060
47624
-67543
-56097
51430
3094
-88803
-2868
49360
26862
-39437
-81637
71486
28160
-9441
-35188
27002
99312
-37614
-11251
96662
4486
-85356
-52954
10926
46123
-71845
-8534
349
75206
-53325
-37641
89999
32847
-51404
-34508
91585
40390
-54959
-62780
9286
84283
-39087
-83549
66614
71220
-62436
-16314
89599
57372
-47699
-73579
58548
94808
-10172
-38072
21451
33632
-51780
-64554
36686
12646
-46821
-95871
45261
85980
-72974
-40619
71382
59734
-97660
-75389
92299
2344
-17641
-80043
40355
15734
-57812
-69493
36032
61366
-77677
-79502
32728
47267
-85967
-74208
61899
55002
-18764
-65133
65167
94610
-7428
-15649
291
9447
-41440
-92357
29078
67021
-43071
-95662
70871
29843
-32854
-47210
24272
16210
-49976
-27259
69032
76575
-89918
-33576
66460
93398
-96722
-61732
63729
67490
-64903
-79066
90383
39167
-32898
-23574
23011
22589
-17830
-62437
30064
71834
-89039
-14701
98957
68799
-32303
-61341
82524
3501
-24419
-64659
26482
6061
-31392
-55341
76911
9698
-82363
-53656
65517
54702
-60177
-21812
54860
42340
-4699
-65264
44778
45621
-16971
-23201
99555
47261
-19717
-29575
87584
81086
-96875
-49655
28167
66185
-91270
-38216
99728
57828
-74799
-10975
14147
12021
-89381
-87836
17286
54626
-55434
-34417
6140
52037
-3533
-54390
5935
81171
-1422
-72303
51118
35682
-7155
-57691
39245
76701
-47329
-83015
33270
19535
-62001
-81878
88966
5514
-24875
-23266
15543
14017
-14737
-17695
43939
95099
-74818
-55026
64480
89048
-50661
-94122
89221
72514
-1607
-32656
32078
60926
-69748
-29574
75230
88123
-11587
-93393
58461
90220
-36450
-22185
70627
57835
-12461
-60931
44264
34676
-88532
-4136
80331
46377
-2553
-99381
34035
70368
-20889
-68284
282
26795
-92002
-21264
28249
49591
-2625
-61231
9193
54233
-17938
-89959
27453
64874
-64268
-18907
50839
57012
-64374
-50303
6920
31
-89710
-31243
15734
23722
-8735
-89662
20233
35052
-94609
-77495
51709
29976
-67318
-76930
88347
40703
-28639
-9172
72284
31611
-33569
-2020
19386
67334
-23892
-59599
85997
49060
-14569
-19645
73132
3093
-42705
-84811
32516
39275
-71384
-91687
50020
50062
-8144
-2733
43862
18846
-64543
-70930
85979
46287
-54833
-73695
5936
5686
-61730
-60584
78597
87580
-78194
-33944
57263
12640
-83093
-55768
85460
86029
-37238
-26201
69882
56807
-67512
-55755
64491
97723
-21360
-21635
43617
98452
-6745
-90707
7687
43583
-79253
-269
10646
26452
-2282
-52781
87447
78604
-10264
-11181
92426
53361
-49818
-16512
6309
41972
-61703
-82935
34823
36250
-72197
-90053
12197
46802
-22093
-44167
72086
5714
-93002
-75342
82842
21310
-25500
-62110
27261
31314
-86358
-76613
16978
17510
-30070
-14389
5606
81968
-21891
-19936
99526
4466
-20919
-52341
64299
39101
-99664
-98921
65532
15126
-2434
-46729
48778
29920
-79980
-73328
84070
40961
-24906
-22410
39592
40609
-72198
-13576
75221
80083
-84467
-34969
79626
86059
-77202
-57153
67667
33395
-71657
-89478
75503
15563
-96829
-87756
3300
10816
-75286
-48923
8559
38798
-57146
-6581
77757
31007
-32990
-36044
96369
14445
-47630
-63531
57190
93687
-93999
-97253
25986
73400
-82463
-49352
90470
25086
-18134
-96914
2076
29536
-44512
-74849
64962
7103
-57137
-62631
83935
81230
-69967
-53608
62735
22191
-50042
-80962
36579
31722
-5300
-63451
47342
64545
-42779
-2991
50908
84289
-96414
-32775
98266
41006
-74980
-89219
24183
33302
-34264
-95309
89935
96629
-87889
-40330
23196
85059
-4675
-73555
58884
20027
-41039
-255
76864
56581
-83448
-57587
10321
73324
-43124
-29419
12253
4280
-78915
-43214
15927
83989
-35129
-39993
9173
49014
-34515
-60596
65173
73959
-49483
-26014
46867
20542
-73556
-37094
50406
81153
-70121
-36610
31478
55373
-93327
-75969
21630
26841
-35288
-86683
10219
61750
-54977
-9172
40227
82989
-46111
-48014
45029
39537
-79356
-80522
63682
56024
-75678
-77416
19996
62923
-45453
-86505
14883
20019
-87100
-45409
98726
20922
-16468
-23948
74779
71095
-64794
-83032
45024
7690
-56679
-49534
13327
58551
-17556
-56524
25125
28266
-49085
-55
41158
43765
-48971
-89282
94617
71436
-88942
-93320
37272
72064
-32770
-49556
69476
56525
-61939
-44829
95375
329
-73118
-49937
27296
19122
-59582
-13303
61585
18478
-32222
-26087
57160
36161
-66286
-38310
46275
88197
-8934
-80854
67443
24985
-83644
-12289
12590
13702
-93963
-16523
12095
32973
-93841
-69570
64779
19817
-77310
-71757
91813
47263
-98289
-87685
52674
7916
-91085
-36907
68485
59501
-98763
-93399
87305
35028
-24241
-84821
32259
29183
-91521
-5784
9684
71381
-54303
-10998
82357
81828
-84504
-84940
64644
35092
-47744
-27805
72167
69260
-84851
-23268
82145
46852
-63948
-2257
50381
65428
-91788
-43856
7705
85792
-37243
-50973
48520
61689
-85308
-16094
31535
63545
-31188
-87637
7185
20892
-84119
-14241
91471
33510
-11067
-49879
16393
24223
-364
-73704
10451
74658
-41641
-75610
28134
60519
-22342
-42110
34898
87404
-27525
-51180
87571
35803
-49057
-56080
60029
76629
-4049
-79869
74461
34973
-79252
-90992
74147
43167
-49929
-99117
74583
9229
-39186
-51757
93596
33184
-62921
-64641
85836
97299
-74430
-85419
22270
38294
-39252
-40976
28541
82493
-3285
-28572
43221
70663
-14331
-7918
49838
20336
-35211
-28619
11605
98514
-9262
-42699
43646
83271
-35649
-4826
68694
60691
-32525
-32307
22273
78162
-18274
-81587
91897
52159
-80808
-49885
2244
21948
-94625
-65719
31926
42138
-18412
-81987
33844
70354
-3845
-30469
44260
6817
-13184
-1826
46834
54989
-92799
-42950
58861
9787
-71296
-99303
87008
50592
-11917
-38624
8609
34561
-14975
-38631
35315
58498
-95785
-7548
60389
11003
-28321
-52394
88289
28270
-4557
-8019
34168
55520
-43396
-21435
50496
2830
-46437
-75474
31174
53250
-594
-17018
80349
14282
-48927
-5095
23506
88455
-43003
-58834
55326
41887
-54672
-98428
52822
34037
-41622
-69796
51224
39222
-54481
-91567
60237
40657
-38137
-52417
8090
60797
-64258
-71455
73652
6950
-71273
-19841
955
83384
-58692
-23106
75947
17365
-57511
-73074
85656
34088
-76438
-46347
11377
29895
-40917
-46564
90546
71915
-62970
-46281
99157
50244
-76269
-46710
5247
10270
-6166
-69653
14143
63686
-25701
-50495
74500
42495
-65186
-57959
67369
81087
-8633
-95675
91760
58406
-71102
-17177
47612
94228
-11258
-51935
65997
58826
-78667
-93147
77524
23460
-3098
-67671
46162
33450
-93636
-35216
68220
48139
-28413
-58391
81686
72169
-65181
-17651
88514
52591
-70908
-66256
34633
86299
-73130
-17863
18763
83183
-32351
-17493
88863
10343
-43688
-33451
78438
35463
-82551
-14842
48704
65115
-98386
-16322
31481
10275
-27923
-74187
35560
59097
-92041
-71447
8112
10098
-28256
-44952
27651
72569
-84574
-10189
84943
13826
-72109
-67835
12267
95649
-27686
-22780
66089
18485
-14544
-69882
27142
90004
-88004
-2362
63621
24696
-70566
-39575
44357
6954
-69526
-96626
6276
74438
-30186
-7558
9173
56788
-89063
-99659
57560
18498
-72693
-95461
92358
91201
-59964
-11853
2995
56017
-96256
-35839
99899
48680
-23240
-43144
46859
63234
-10448
-5918
19665
67860
-42551
-44487
70626
65423
-11223
-83961
40538
84627
-80076
-2417
51490
82101
-46449
-44197
53752
43030
-99219
-19698
59499
93511
-92249
-86582
67889
71163
-71599
-46446
52020
19793
-75948
-87513
75810
59674
-33542
-83524
92277
87462
-34714
-5352
79817
95466
-13918
-57697
62654
80075
-68135
-38610
69068
65834
-74621
-75228
37591
39
-87552
-26562
34965
43165
-66859
-43862
16398
84956
-57618
-9728
93667
63889
-31564
-40309
76599
93550
-64320
-47782
4214
35136
-14723
-74263
26355
74983
-53081
-75274
89049
97254
-37426
-22690
18419
23583
-52821
-45281
42639
78098
-32914
-60151
127
14563
-76758
-2727
53256
21366
-80108
-32402
94836
17662
-95344
-53201
3804
83846
-4727
-10299
58239
24843
-84436
-29736
1121
27237
-29718
-45590
33784
87682
-95237
-89122
34951
60290
-35334
-73942
54848
8436
-11139
-93318
61588
65727
-40104
-26007
80319
22376
-4841
-26307
84
42574
-11171
-86292
34468
35942
-32096
-80734
47490
68528
-12155
-7772
18773
30675
-27668
-2071
21361
40535
-46121
-14389
31081
42367
-50849
-42021
40451
73012
-42484
-68027
12049
66673
-28933
-68497
40699
86637
-63563
-37119
72256
57801
-97705
-8004
43708
13662
-8116
-14070
30621
16092
-77324
-25875
62798
6642
-14517
-4751
58015
26895
-89820
-75183
72848
63746
-43985
-52808
62231
98777
-78487
-15829
93548
56986
-21692
-29694
14311
14486
-21900
-61292
34863
43038
-71371
-47745
45493
30488
-25707
-23418
96235
23478
-97220
-28659
56695
31896
-20533
-39707
1752
23001
-65433
-30607
18883
910
-67644
-94467
92183
13493
-48514
-30016
11793
33635
-62623
-90645
83253
55217
-44585
-34810
34679
46408
-84119
-75228
96188
23061
-97671
-85286
44834
68731
-62779
-9299
99697
91828
-90493
-88232
57156
26143
-96963
-22951
80779
26788
-69435
-83858
38063
84231
-99557
-573
25184
94527
-68736
-72685
1497
85613
-94779
-93820
45108
12934
-77123
-5303
61405
58003
-33686
-89857
92874
98219
-21853
-88492
93475
67519
-61111
-30267
79810
31533
-40250
-83517
41649
27169
-99219
-93004
92656
80262
-11884
-40127
88360
18909
-72262
-72660
83198
41668
-44477
-42536
94749
82469
-52138
-89981
8559
24070
-55443
-89166
15650
65866
-72021
-39104
50123
95191
-72687
-34284
96445
44971
-43214
-42310
14100
30981
-16726
-77944
23816
86671
-77009
-32231
59813
1100
-88834
-98828
26025
58602
-73045
-22345
47108
39177
-2751
-15170
24432
89950
-33219
-14643
36492
90512
-25857
-22943
49374
68192
-4076
-13736
18998
58576
-15916
-28038
44490
82430
-47784
-58777
34701
61384
-78141
-96046
63749
24022
-11380
-73176
33888
9063
-57278
-74426
21214
86705
-44591
-42074
26960
49811
-96542
-23663
65411
92763
-50369
-61246
81389
12727
-14046
-56776
37024
47760
-15011
-82129
26717
55179
-4133
-10761
21507
15568
-9586
-22061
15280
53110
-58321
-85367
41150
56427
-79522
-38603
66044
23956
-1473
-56847
63104
90103
-49177
-55519
84883
64906
-69518
-4046
5511
99783
-14972
-28938
4935
31765
-75259
-40705
69026
16263
-26338
-31683
80355
45056
-1871
-73535
16123
68484
-76522
-38943
97231
83103
-7063
-15490
61208
83122
-52425
-91360
34402
66473
-3419
-69114
59017
24653
-85472
-99273
27461
62338
-84943
-50994
12930
14461
-71626
-74886
395
75472
-76206
-86935
95034
36201
-59679
-5451
9251
41093
-3805
-60696
87822
5116
-25199
-79699
39306
77558
-69716
-10921
11167
81151
-61115
-56202
84502
943
-28525
-91472
93765
85681
-35791
-35697
90661
54812
-83550
-39538
91013
85639
-62944
-76171
30936
55815
-42063
-58534
99525
84918
-61542
-85822
58053
38042
-48457
-76293
7101
83286
-60416
-85098
81458
28515
-21746
-97929
21040
6698
-5824
-91411
49938
87639
-26479
-85246
71470
2496
-31061
-29534
12129
98412
-89249
-40253
65455
95080
-4967
-79036
64886
6997
-86380
-21463
65990
96133
-98325
-36780
5399
5046
-48743
-72565
43213
96726
-94046
-89762
83981
25505
-21453
-37093
97512
91087
-93829
-64196
35278
5472
-20664
-28099
96483
65989
-55503
-70146
68581
55676
-79538
-13773
9001
87209
-10871
-20455
69045
15615
-64684
-66624
20973
622
-72332
-2131
79003
29207
-12903
-64602
77731
65682
-82697
-68076
83126
71669
-41119
-38268
36511
16871
-17693
-73433
13844
67715
-48410
-18902
28641
19755
-16557
-77762
62359
23543
-49462
-1087
26790
93873
-87390
-44802
74622
32427
-94323
-60531
75081
40744
-62611
-27904
70123
36974
-29827
-78233
63887
98980
-47850
-40004
75340
48633
-32452
-32581
11514
98113
-71617
-5593
22798
18645
-5713
-57946
76657
1206
-12277
-20202
7963
13517
-88477
-90099
16666
69645
-17737
-41351
6715
11602
-34864
-72983
27418
79004
-2214
-24899
46309
2045
-59582
-3763
68443
975
-87365
-89565
88086
23785
-26774
-32231
61135
21138
-28230
-9936
9842
15463
-20370
-27826
71006
27755
-96719
-91518
4588
49342
-43553
-13961
53052
84279
-18739
-13895
14178
59389
-34259
-5218
88300
20491
-46062
-63135
36912
95827
-27654
-24831
82563
96475
-24913
-58689
56622
48563
-32170
-86969
24063
57683
-29845
-65568
77218
3292
-29025
-68155
23258
79048
-90657
-98986
13441
6585
-62692
-39041
11871
75221
-38492
-99308
90946
11784
-46287
-75487
5400
27594
-30110
-30911
16769
75678
-55628
-38975
11025
19850
-25203
-76905
21877
92322
-80410
-82579
21421
38697
-13740
-32141
69606
1373
-92521
-23344
37810
78657
-32711
-11940
95749
26072
-17722
-56194
37626
45741
-91773
-7364
83275
20363
-1608
-24426
92794
13947
-97095
-41256
40409
34279
-99867
-85348
82974
93693
-34949
-26508
50304
28358
-64085
-90487
98526
82959
-61383
-67622
47091
57105
-45028
-87392
93162
9372
-56633
-60871
86086
43216
-24465
-8981
84308
46868
-69401
-15165
17041
2041
-72803
-19211
24037
53441
-21584
-51852
74632
43992
-58187
-73992
22988
53957
-49228
-75932
85724
55387
-8069
-85574
37257
14570
-99791
-69897
6997
56617
-40682
-64224
15334
75326
-21862
-88471
76668
29403
-35462
-37000
1656
79667
-80696
-78057
87234
99553
-22817
-16684
90852
80406
-39783
-5313
1331
12416
-48266
-72680
98042
89779
-95400
-22330
45127
24010
-60109
-65123
81743
8957
-86394
-24337
98921
32184
-46819
-58630
83451
200
-44964
-16229
55066
1179
-67396
-6349
98237
99431
-45347
-61529
76172
93923
-87442
-319
4353
8408
-932
-14478
64079
43189
-6420
-6930
4145
43581
-72860
-70699
33240
44447
-97606
-57059
58148
81443
-43091
-97137
87923
55263
-67989
-85763
16304
29000
-46632
-21252
82584
66239
-85870
-67885
32973
34572
-76060
-69187
75689
97871
-68401
-38668
21809
97433
-34072
-17751
20496
88345
-33999
-40890
98418
12899
-53910
-65286
26381
73598
-78073
-3968
95204
55385
-46392
-67823
22646
65933
-52785
-19301
5258
90286
-8418
-38711
30399
64949
-27764
-64619
71267
45464
-33757
-30607
92125
45496
-20962
-20270
17156
42007
-41506
-20522
64929
20449
-77293
-13135
40036
4119
-86444
-29826
86174
72173
-93159
-90203
40730
50927
-7845
-22971
9798
25931
-3968
-228
94255
96327
-40551
-32212
99610
94371
-95465
-5673
33867
60117
-83591
-31245
52831
4216
-94231
-51296
98542
58701
-65715
-31882
1820
84910
-14969
-26387
21685
88117
-39895
-96799
42751
58057
-44839
-77985
14354
24866
-32551
-34745
36057
97835
-49521
-42088
22451
85198
-38177
-85869
92897
59168
-57650
-79990
28267
85217
-51152
-90121
89734
21019
-6024
-6105
29449
56646
-43399
-82836
66204
56825
-83202
-32420
99578
7880
-57624
-397
92674
65364
-366
-31479
81692
75964
-51844
-31620
83826
67689
-2397
-59892
69894
61661
-65114
-30896
26911
72282
-1063
-14326
33340
13689
-4005
-93699
56909
40083
-29719
-84007
47845
27602
-9301
-60216
37935
18040
-31326
-86924
42588
62265
-95181
-86606
8322
93176
-67955
-70752
770
59477
-43996
-26313
43227
25404
-15621
-38885
18096
84661
-14636
-25943
99582
83193
-15487
-43775
76020
71225
-84127
-45805
42706
59758
-20302
-38028
51300
53336
-76261
-78251
32542
55388
-18721
-4587
20770
95881
-39056
-12968
76828
80985
-52789
-76162
95681
60222
-8597
-95672
24073
41468
-67636
-99520
95136
76047
-77532
-69254
5644
58812
-83802
-30407
20789
53071
-69984
-8654
66151
22696
-21230
-62168
48435
28308
-32645
-37515
57255
78765
-89213
-46794
36297
87952
-24263
-72379
77190
35869
-15658
-34068
66342
80302
-33096
-83261
43477
81184
-39955
-14346
74433
3933
-76654
-72507
20833
71395
-91711
-34069
84056
46916
-65162
-2486
86104
44612
-44267
-16510
84457
31588
-76600
-28759
72998
31891
-82242
-88220
1902
39464
-84117
-26420
54358
89769
-85833
-8290
14575
78969
-61532
-99554
74465
35103
-73586
-78364
5795
32630
-81395
-97744
19594
81171
-61307
-88339
51586
40782
-25749
-87009
70424
75484
-85778
-5040
1742
47780
-93176
-50159
92647
24021
-40751
-80928
52120
60518
-22371
-76722
56544
32547
-59299
-51874
84752
49450
-13808
-41640
3441
37633
-92772
-44381
88530
96978
-75552
-8919
36169
51394
-90151
-62584
23501
69219
-15610
-53724
2146
86689
-5620
-74222
86322
23887
-70999
-90258
49937
26070
-23475
-73610
71211
1358
-81213
-43768
62037
84373
-21276
-30106
93683
30739
-33416
-53486
65633
89351
-64397
-83961
85366
1317
-58588
-19727
99997
11802
-77280
-79073
45804
95518
-74463
-62337
18298
75570
-65865
-25138
72157
69913
-92410
-87084
20370
7032
-60878
-70208
81008
8574
-71245
-7223
78720
88340
-53969
-56213
33991
56927
-75009
-41055
14317
62576
-7159
-75383
38320
24840
-64704
-950
86611
63362
-37202
-31022
50460
85637
-1819
-63850
9557
99297
-49089
-70263
52935
26639
-8927
-70423
56768
96292
-60217
-38498
39402
18200
-80781
-23544
65415
77006
-50672
-79273
38620
25895
-32295
-14910
32351
86934
-73579
-49860
96542
12883
-37229
-83489
81003
88922
-60912
-62596
4269
53533
-13540
-14335
93200
11649
-65143
-35348
53884
38652
-53787
-86434
42026
39377
-33736
-85582
24186
4375
-37765
-93754
43159
11267
-57720
-99828
13688
50643
-16395
-86291
25901
77754
-43062
-71832
95838
76047
-84341
-48714
60307
67657
-9483
-66591
32577
25713
-90548
-29169
68740
90796
-62334
-63743
14595
8266
-47173
-44609
92334
42719
-66601
-54773
50139
47736
-21257
-58585
73939
31155
-97552
-36518
67109
66418
-25883
-93015
81815
79527
-93883
-71776
55170
79958
-40913
-9055
56548
23980
-31034
-34271
35992
99345
-92917
-26312
39402
52808
-93385
-88733
42746
54493
-81024
-84205
92202
14
-63410
-72670
70176
65401
-29604
-52500
25129
20090
-45963
-7223
45195
43096
-4785
-93630
18830
33201
-83127
-96517
29757
1444
-21710
-19366
36936
94273
-99677
-84821
61033
520
-43546
-74994
9416
29220
-98307
-54974
67791
71843
-26629
-17821
29220
8977
-73456
-50027
48378
34903
-52880
-91963
74316
95433
-90946
-50996
98650
97821
-77597
-71165
3843
8593
-54279
-94026
6543
11439
-97455
-173
83108
54817
-78473
-73590
64225
13912
-79686
-22397
79053
75760
-45651
-66226
92639
33278
-64394
-3581
12306
7807
-19276
-69160
62427
44718
-51043
-55677
62438
61190
-49458
-44638
12005
82293
-53014
-33987
15045
88511
-25164
-22311
93043
19812
-77739
-16455
30008
73292
-7500
-31597
29369
38756
-15331
-71214
75433
44700
-22355
-58871
2176
82799
-51102
-69958
59539
405
-48277
-61947
52905
34653
-10692
-73684
86768
13672
-18584
-57605
570
86493
-7492
-61230
68797
76779
-30725
-10970
56271
90151
-69600
-63321
80290
21071
-66961
-16381
49772
57045
-24247
-20365
78019
61704
-12555
-50272
83830
77880
-35428
-2137
82398
42425
-51087
-17104
22763
43097
-51942
-80447
11192
28689
-82823
-83056
37780
85747
-1003
-62577
59921
30196
-41940
-59914
92988
29396
-95141
-28151
40246
44124
-7320
-71464
93987
474
-252
-90417
57252
3089
-37385
-12325
60326
76663
-47158
-18682
29163
34381
-47213
-35460
87225
19182
-32606
-16858
4014
50295
-22443
-38349
40417
20690
-86636
-85118
59645
43110
-13877
-45961
88816
49392
-34341
-68932
26743
31702
-86916
-28210
22759
6812
-89270
-62942
96678
40292
-64418
-70843
24797
81098
-38087
-47976
3071
39044
-70137
-54806
49033
96809
-82237
-5862
6923
23626
-91855
-33753
9168
76431
-94491
-40016
11634
72336
-53405
-24075
49251
23187
-99393
-94728
13860
89010
-44177
-10070
23197
24532
-71145
-26999
33530
18772
-47198
-86964
29864
96283
-33155
-2840
17848
77366
-95777
-92509
51189
60177
-63064
-13543
29620
64487
-12105
-39985
74619
59921
-63286
-22092
98846
30354
-31413
-1642
46113
59032
-21516
-93765
47481
24540
-70710
-25513
31212
14796
-75096
-14467
96834
82952
-16590
-36620
67970
49767
-10501
-54231
84133
70032
-13973
-12621
29485
76319
-82961
-21293
17588
3562
-4981
-97691
78055
86701
-94684
-58545
29296
7731
-89123
-6607
30922
6472
-30001
-28008
62783
66699
-30605
-41944
37606
51072
-15100
-31835
95664
73288
-11960
-34778
45999
74791
-11026
-10925
93576
67398
-99381
-73363
72882
4706
-13474
-86940
29053
84235
-51778
-7153
36600
29381
-56377
-70265
93674
78929
-97223
-25937
67030
20535
-30347
-54976
56568
68834
-71555
-60870
30536
7444
-47523
-1305
94645
39752
-91856
-14412
3672
71491
-53850
-65135
89970
94220
-49600
-5946
23123
38651
-92737
-26143
72828
93632
-47086
-99264
11860
63715
-76010
-4333
69884
3531
-63899
-29057
3293
79881
-52003
-16705
34476
34988
-54858
-16535
73215
51304
-80516
-43060
35854
86340
-95913
-92589
84067
22018
-55729
-32491
28008
91563
-16516
-64820
9738
3605
-54564
-83672
9636
10214
-84205
-76791
5226
9512
-94975
-20171
39138
57941
-62792
-80473
38945
28954
-93179
-74555
84425
74296
-96247
-31364
79047
85712
-32127
-17069
81334
79905
-91367
-23270
51819
98608
-37573
-8578
29702
46292
-30
-59432
68998
65354
-45943
-30329
6617
37296
-95063
-37185
98995
1499
-79597
-46490
30516
43913
-71235
-71077
95154
42381
-15890
-45158
53378
11588
-7523
-28873
82226
14852
-35858
-17882
11427
88478
-48232
-16044
40654
59349
-99230
-19186
38851
33285
-61023
-96625
85396
68466
-49891
-40275
63839
89277
-98025
-23651
43161
24965
-66048
-69535
84422
16106
-24082
-58075
86236
75703
-75802
-8455
14913
57748
-67812
-23964
23563
16009
-16110
-33362
28819
11227
-77190
-8116
2120
71791
-68018
-5743
31941
53541
-69162
-56625
79872
43403
-26475
-39554
99866
94224
-45997
-76047
86834
95178
-2213
-42811
42846
68368
-67816
-12418
29576
38076
-68410
-83169
741
58086
-15460
-5236
28094
96706
-24231
-72343
68640
41302
-60556
-67771
4220
3640
-9482
-6975
28951
6152
-58227
-94283
84481
6189
-46405
-45660
64115
20923
-5914
-29389
37324
2968
-22292
-10084
69339
1864
-46302
-18569
23583
67090
-3242
-72936
39552
48785
-74660
-30075
43372
8649
-44741
-89639
28005
58129
-74891
-77088
19692
40677
-68727
-16985
90073
43376
-26924
-61700
26206
45421
-37209
-56403
49559
8645
-49448
-1743
49161
82017
-40757
-38658
99232
93413
-87458
-27739
91300
46413
-33163
-55141
67165
38948
-849
-61498
52064
71933
-85933
-78310
62007
85174
-29578
-8941
25930
35475
-92559
-23685
7441
97596
-76433
-51230
72814
56528
-58090
-69847
54686
68320
-3304
-72922
14677
99703
-86759
-32337
10129
67955
-98138
-27792
75917
73562
-41025
-35377
30658
74177
-50713
-65366
17472
57152
-45677
-29680
13745
75105
-8102
-72858
53578
7557
-68690
-51740
47296
2729
-93612
-87961
6611
16249
-16908
-68741
98060
77041
-20544
-14567
78748
61651
-29531
-56000
5554
92921
-50674
-87990
39809
73369
-47867
-23875
73382
43337
-55328
-24849
69675
98262
-48887
-87022
22103
3743
-18934
-20695
49681
64733
-29584
-19243
87531
62598
-81570
-20180
3038
86075
-58630
-85748
92019
81976
-67814
-12843
73731
75346
-88513
-97970
38853
62305
-99394
-7182
14003
41853
-63037
-29057
32882
70755
-89855
-45101
75930
61643
-25574
-97561
81604
72680
-11655
-50874
96691
28440
-50057
-54855
57965
63151
-99641
-24240
10653
30595
-35726
-32753
77775
70389
-58267
-69812
60981
10908
-99001
-84730
82487
94680
-79018
-45799
40960
84931
-47359
-49629
66592
26133
-85004
-53798
69273
13032
-64528
-42170
38753
25478
-80991
-42339
87209
48180
-29408
-25559
88805
23383
-68403
-15266
5126
37304
-73739
-87723
65450
75090
-66356
-94326
27392
5438
-44256
-85761
77090
27744
-54782
-96610
74763
67132
-12496
-19973
70995
71064
-19574
-15841
967
7425
-36448
-64035
32668
25204
-50999
-4894
37592
69698
-51207
-60470
89480
61383
-9454
-90261
17803
51308
-23486
-29419
4463
89661
-96972
-43987
44817
82527
-58416
-35068
11020
93848
-92651
-49117
61632
11543
-59391
-87138
51318
52005
-92909
-61671
65004
551
-13722
-44544
41101
50426
-63730
-69117
64008
26878
-2156
-81125
48568
54115
-78355
-79102
47409
82021
-60981
-80521
60385
74017
-15672
-95042
33354
68011
-49513
-66656
51704
2869
-17145
-81251
56892
31724
-24879
-85916
92431
74246
-57477
-95918
43711
70100
-85485
-38395
61759
38287
-40685
-62205
97241
3231
-36249
-50065
74841
23007
-36759
-67839
65798
24792
-50257
-79852
24109
30594
-87628
-28516
44884
70655
-27825
-29551
10338
7143
-61374
-5841
80985
92277
-33356
-24360
32336
42579
-67362
-11758
95046
72782
-54465
-76185
12072
51319
-1370
-48463
53988
73926
-54503
-46630
30499
81287
-14285
-72371
16359
95118
-78246
-22541
4234
93676
-80472
-31307
98338
82325
-26899
-52620
92966
51767
-69230
-36434
79805
25200
-75656
-61928
80254
41888
-60142
-8813
46505
70436
-25444
-88748
7178
55618
-61404
-16917
34328
25200
-38145
-64571
16199
51962
-40884
-60097
85472
78068
-63878
-34205
82643
5884
-5829
-64527
46374
45003
-39682
-20589
57119
13252
-395
-26945
92288
81033
-86467
-92391
85285
40108
-76021
-63337
53094
5205
-2247
-1916
69820
89309
-61094
-76119
4556
50523
-15772
-53891
57090
96729
-78883
-46357
40806
98666
-8851
-97762
22567
88579
-49559
-16551
43775
22944
-58448
-97219
24753
11906
-38932
-50252
3960
66779
-53293
-5840
91174
7119
-13719
-8217
78210
6362
-80307
-91709
85773
86234
-41531
-99086
31815
15540
-66930
-45923
1632
89050
-33488
-31992
53622
82009
-3329
-65903
44488
73587
-85876
-13644
4493
99679
-79920
-20946
35053
24533
-49580
-19066
66261
48791
-52267
-95365
47110
44673
-35504
-93635
76481
37866
-70880
-95887
53498
81408
-2586
-99824
85233
20118
-87634
-11800
93239
67248
-13234
-44491
14282
38671
-15797
-76578
86365
47504
-67153
-33103
86622
33487
-78303
-81941
71072
32622
-93182
-17662
58936
36524
-96568
-99828
45005
5352
-61193
-43097
56337
54899
-40694
-55500
58321
79537
-61106
-33938
47642
48820
-90124
-53052
95952
-222
-39909
-25746
81945
93858
-24743
-29189
86589
82639
-98745
-80235
47162
57039
-40574
-72196
39027
81605
-66535
-49564
86877
37486
-60413
-28135
67435
12882
-73867
-43601
95644
21135
-28265
-71847
71701
40052
-12306
-38296
76387
93542
-34122
-93310
50079
18041
-35527
-87115
88738
84258
-61035
-85891
68692
84410
-97865
-37754
826
7051
-92808
-32262
51867
46206
-69853
-51484
62103
79883
-63260
-78386
19857
53049
-44552
-18247
97612
1954
-72266
-16214
88954
44966
-13722
-89588
82676
31141
-15595
-3579
35600
19428
-47763
-90967
65758
78757
-36168
-85729
8157
87795
-2957
-43448
77870
39254
-62837
-44747
82950
17212
-28223
-52171
21945
65053
-88147
-82906
87384
33020
-99995
-77869
6179
44703
-36009
-20945
40694
86217
-93385
-8457
6082
41156
-38330
-9351
68466
42265
-26079
-36816
78396
94684
-3949
-17526
33272
64136
-42932
-42175
44112
77017
-21522
-50285
30642
87843
-23074
-12191
67446
25463
-45111
-46521
38934
40938
-94494
-15855
64700
50011
-19109
-82164
31282
83027
-88857
-53601
8835
93812
-99526
-83350
10527
97607
-54362
-62503
81091
67283
-31733
-55242
45425
51800
-8511
-96583
58550
54943
-51662
-50487
94570
93747
-34066
-25213
72881
55070
-19292
-64338
70679
68143
-29855
-95117
13106
59599
-94873
-23023
14637
12678
-7740
-95638
19378
73922
-20382
-60712
79605
10178
-65089
-17067
29933
62075
-84595
-25606
81296
72333
-9521
-68458
58151
80441
-93040
-52368
90523
99579
-54842
-87015
21010
54734
-38654
-39197
82751
11723
-23268
-41960
6513
6482
-21307
-28890
46697
73516
-59381
-30101
62567
68916
-9089
-24121
36646
50867
-72458
-21813
30768
96850
-72353
-13059
86163
44418
-62048
-79814
77228
35617
-82764
-79541
31994
80397
-99273
-92827
75810
33534
-87465
-93924
63935
6358
-9619
-96086
91598
16502
-45857
-96196
6445
74391
-46210
-16610
95604
49251
-38186
-83130
77857
18297
-6587
-19253
80052
11345
-28036
-16058
59560
63075
-48429
-49942
43852
95773
-32797
-68336
25395
19125
-62896
-41774
23473
25496
-28435
-80646
43415
70120
-21193
-37163
73951
25534
-46347
-45661
41212
39826
-26546
-25998
82423
22524
-44952
-74793
90050
53257
-60729
-33617
66112
39560
-33930
-49062
11674
29670
-41773
-68326
52823
7745
-46293
-6105
64929
12397
-20230
-58660
4415
22746
-70060
-69250
48565
71368
-7187
-65067
37333
733
-82838
-15189
54382
9129
-92253
-50027
83384
68846
-38412
-93937
9561
37137
-58151
-95237
93451
45278
-76211
-9849
727
3649
-60007
-12300
93797
13772
-28655
-94085
69072
5085
-31686
-1652
67720
75334
-17514
-97940
51394
68177
-9469
-96797
47734
92787
-3019
-51943
90557
9873
-63161
-80944
1021
13623
-12728
-31528
96464
29262
-92256
-79160
48598
35293
-41322
-16093
28480
68440
-70035
-49427
97300
14055
-35103
-60114
89132
43728
-57093
-22343
56962
58828
-35343
-97955
56919
94343
-231
-51370
42035
85055
-11739
-72546
68474
37741
-23575
-49259
11499
5141
-50366
-39418
76448
24571
-2162
-68366
22738
74139
-74761
-22730
70399
16863
-92105
-37106
38613
85332
-8900
-6374
4994
16370
-97312
-29704
45684
6569
-25914
-90551
60
74716
-72329
-4043
72972
66450
-24069
-61399
3683
68802
-62768
-37476
80659
70419
-57400
-14595
36232
77799
-15162
-44356
22618
81766
-52963
-38033
84678
16072
-14333
-48629
22391
10581
-86315
-61644
35802
13808
-2314
-49902
6553
81776
-6528
-37075
17850
2911
-99119
-16461
77822
3705
-3486
-67153
66971
92676
-49644
-5738
9548
58802
-21876
-25030
66042
81728
-91397
-19646
4909
84683
-20976
-90692
62796
2572
-27321
-50799
50272
24794
-33114
-31283
92988
48932
-81349
-19967
76680
19131
-63639
-19036
78288
70714
-65058
-15073
4080
41659
-93864
-88122
49950
92258
-43522
-97736
612
1450
-77468
-90007
7321
38542
-7529
-8636
73312
72489
-87379
-30173
98364
5915
-7011
-36182
56923
45883
-7877
-4699
49882
37674
-89499
-43345
90190
22789
-83727
-9984
21823
55948
-50618
-43857
99943
99157
-8669
-42748
12927
34026
-51006
-78572
37963
43515
-33917
-16509
23359
39529
-73269
-74342
21001
37045
-65232
-60592
71926
56020
-8474
-21417
50120
6379
-30602
-42996
88275
25635
-63683
-6631
79327
56037
-79571
-86505
45141
93414
-46901
-92150
59233
51451
-81545
-75760
29829
55635
-83781
-54727
27555
26867
-95469
-73777
87980
18777
-188
-23969
72696
19353
-5208
-72170
62
35845
-9622
-41576
34921
6742
-81260
-37201
10696
4419
-19328
-94631
62037
80852
-89884
-52960
68238
59270
-33913
-6794
72458
91418
-71645
-4214
86529
98717
-67910
-77448
21079
1287
-47056
-10815
64465
58507
-3365
-57359
63219
6065
-81746
-45049
40251
28140
-87403
-3041
8899
48700
-88829
-91805
38343
95894
-89871
-54691
6359
12563
-80941
-65836
15763
84951
-56156
-8056
34299
12270
-30464
-85817
69102
98405
-59444
-74074
665
64788
-84818
-39673
25795
32275
-80578
-9718
82718
42980
-25191
-22541
15845
18606
-30198
-8762
21319
80460
-24566
-68246
37228
71088
-12676
-9481
8448
4464
-96869
-32300
62375
40495
-99818
-70334
55509
84643
-60041
-64718
4266
43706
-10176
-96642
42453
63185
-63426
-60449
5664
14069
-37530
-65406
83847
21208
-75216
-74979
73509
53437
-79719
-49717
32159
20235
-99517
-50683
25115
24282
-95926
-67613
92111
83277
-29453
-92333
15891
46186
-61879
-72825
9624
80912
-61312
-71634
10732
93217
-27872
-98706
74265
10950
-94598
-17691
52336
52460
-8201
-44979
6032
24973
-51546
-20841
84023
17054
-32963
-33365
75286
47922
-52649
-55332
81648
99016
-43919
-31801
94323
21989
-99628
-63118
93740
59225
-79
-69195
86714
27109
-10552
-65292
79450
90586
-56391
-28821
17038
51110
-93871
-74646
83638
6812
-32145
-29340
19729
24761
-28285
-67942
65952
95850
-43559
-39534
31935
62960
-66957
-47905
848
1933
-14038
-87378
82685
96407
-23402
-21907
26256
97895
-53562
-72983
17557
71536
-44198
-26924
52573
80403
-77084
-6478
65836
7705
-22379
-32544
62522
77896
-18345
-63171
27703
30027
-9025
-95775
29072
60
-35280
-6125
61820
26039
-64967
-44152
26067
20231
-3134
-12814
55608
40438
-43193
-40635
55233
24548
-50170
-35760
90514
49377
-36413
-84074
9955
92154
-7897
-14450
3120
91819
-30829
-86229
50721
57823
-58726
-36568
24148
52028
-59228
-13749
34593
54987
-44370
-38748
4313
13529
-11961
-9577
53115
42607
-59862
-40182
49305
78128
-55750
-78034
98058
10790
-40107
-24659
53981
90433
-39275
-16738
16513
48851
-34694
-63584
10508
49666
-2465
-72072
86507
87448
-58856
-44533
71989
68480
-66778
-73875
69160
28886
-55441
-90111
54692
49909
-57932
-58257
29489
55073
-13890
-74350
22726
78846
-20388
-92229
46194
35588
-45678
-11515
30589
8695
-21139
-66221
18836
71467
-99947
-31439
19769
79340
-31081
-82368
41416
18605
-49558
-55993
41190
21505
-48196
-7230
29962
77487
-19434
-71023
37348
58443
-15531
-93312
84184
99076
-83784
-35750
68170
9479
-19367
-44533
43455
39262
-51398
-86505
35618
64026
-78327
-75669
67387
92934
-15666
-83279
29226
52591
-90716
-71650
18954
76049
-22354
-80048
45016
75803
-37175
-67099
21484
74262
-10386
-87209
35745
91013
-43510
-54074
90722
81133
-81510
-37889
36430
20337
-46834
-74191
85310
71963
-77591
-8558
72586
21721
-42535
-14698
20594
51627
-96555
-53464
33491
86032
-38678
-62039
59777
60788
-3810
-26956
26680
62921
-89560
-90269
54349
27491
-50575
-62285
1644
9821
-88798
-30108
20533
98013
-79433
-6175
91903
88122
-80869
-86004
53997
33232
-37439
-19140
39420
18807
-88730
-4199
29805
91704
-587
-1012
22983
80440
-78125
-70313
23830
45799
-98831
-34614
31914
14866
-74944
-53731
93334
46660
-94865
-51040
8170
15186
-7057
-84310
50671
82338
-33006
-36242
59574
4785
-58201
-26646
10782
8092
-23042
-54277
7207
86152
-74279
-82832
2573
15126
-96235
-66749
31302
63179
-49655
-22991
54628
13309
-57462
-59232
9183
5681
-43335
-98958
13267
87487
-35413
-2700
21018
21832
-21931
-57379
95317
70943
-65312
-71175
17320
51866
-1672
-45933
96488
15586
-10123
-54906
28334
60004
-57782
-98872
50720
57279
-17116
-87535
78989
9686
-79003
-60883
1407
22006
-77128
-53515
27429
96692
-28471
-38246
33055
94084
-29034
-14283
58648
24522
-6716
-54471
71133
83715
-45869
-81133
40621
63197
-42825
-48419
85718
94538
-79258
-47481
42249
44281
-30531
-72919
15358
20126
-17996
-36491
86737
18519
-71112
-39676
20173
24963
-85570
-99318
73832
16467
-55527
-70682
33013
22909
-48352
-15077
47507
70017
-23730
-39394
55271
76733
-85218
-16307
42810
35586
-38410
-19404
28061
3039
-22660
-87742
47616
82910
-18917
-37647
77109
57538
-74381
-49404
91761
87512
-64882
-89916
62687
54698
-17187
-79906
81127
84796
-96731
-52213
47205
19322
-62993
-56670
74419
55525
-5411
-91033
49916
50900
-93483
-17484
33180
75678
-91501
-17280
76930
57482
-82947
-58641
51862
31157
-33025
-28080
52295
58125
-41708
-9720
56998
16924
-43807
-65336
17590
42620
-7967
-44418
5798
67557
-58310
-87003
42435
62598
-82425
-19216
86693
15946
-37636
-92016
28126
20076
-28664
-5770
72521
82457
-60058
-52613
47859
78063
-71069
-80324
84222
92575
-69285
-37722
30058
7219
-64626
-33593
29321
75503
-49091
-73359
44548
33686
-65140
-82457
2908
70659
-68710
-53889
79760
19981
-94919
-9450
68607
61311
-77542
-43304
27933
69385
-97299
-18338
22137
90625
-11022
-53201
49865
92094
-86673
-39997
93165
78541
-9035
-63986
68359
40966
-43526
-62816
8043
35251
-82884
-95887
55036
24783
-15362
-30443
19863
94079
-29784
-98329
14510
7966
-75369
-4013
85134
13583
-81921
-51441
3426
13185
-7524
-98868
59774
7345
-89077
-60569
20784
44729
-77760
-41952
83837
67712
-21570
-60332
19629
81118
-84494
-16161
50171
92932
-95978
-96442
14576
60928
-94966
-84659
69551
36243
-44317
-82651
99049
82798
-99707
-36535
74425
77555
-27246
-298
42501
55217
-3259
-94333
87514
70910
-45814
-36387
12081
2962
-55376
-98036
91764
98454
-79920
-46068
80766
30248
-42408
-76947
68178
46368
-58010
-43129
97580
98400
-92916
-75642
8981
49674
-90087
-69195
147
64637
-86002
-38155
20192
60366
-32514
-71531
52194
72828
-92366
-37222
6027
62821
-76117
-96878
57275
60871
-84875
-5463
51265
29761
-4483
-92904
38174
69149
-43384
-5749
38234
10826
-58894
-48369
80074
19918
-36494
-12330
61011
52680
-16168
-62090
51631
99470
-89792
-1245
6189
9335
-93252
-48411
93482
11317
-35014
-58653
47366
97593
-60542
-96543
4137
41313
-59536
-62222
12349
31122
-48374
-63670
83795
48327
-96185
-6417
92196
45781
-67618
-25100
21743
95308
-44569
-54021
68158
28461
-66462
-3726
44381
53561
-86711
-26452
60419
74354
-96410
-84952
63780
98607
-33524
-33880
60499
75327
-60802
-41272
75417
87175
-40030
-75010
77313
19968
-87089
-71876
57231
12502
-808
-66179
41467
41825
-70141
-53998
53371
42621
-63034
-28770
56753
43157
-76529
-94944
47464
10291
-43194
-22174
18678
71190
-61157
-84189
36116
27799
-3202
-96389
47026
7482
-98109
-28556
86260
80893
-55233
-69873
68700
35671
-81611
-30702
13760
39916
-11213
-88128
36935
42606
-94430
-87998
4711
64087
-71112
-21168
47581
63379
-86608
-23393
16851
98157
-98960
-54411
8522
58130
-71356
-165
10855
93135
-47386
-93396
46066
45605
-89002
-94987
21970
69819
-94897
-66841
71850
20601
-89360
-39837
19509
32149
-79758
-88646
73783
4548
-20334
-71503
79856
30982
-22909
-42645
14831
85757
-15515
-14395
94565
40193
-21955
-43895
36708
83849
-46889
-21075
68798
68361
-10949
-39881
12269
58997
-83295
-18464
70785
78038
-78160
-32584
27959
30865
-99530
-23721
5982
65747
-65926
-95067
58838
22791
-25077
-71759
58910
65889
-96920
-73752
77387
56152
-83672
-18382
82253
57596
-66225
-610
30321
6352
-93080
-76898
20388
22408
-14268
-67038
40959
63762
-59132
-83358
55347
35975
-92616
-22394
94012
18327
-10135
-17798
80006
36870
-8124
-56874
79586
23408
-13395
-73791
51023
72065
-55318
-36910
74133
13267
-825
-84712
42589
27019
-41701
-82658
65320
61892
-82076
-86083
33192
17767
-26645
-73088
79812
33605
-68033
-28594
65018
42181
-82154
-57727
19781
47970
-96032
-86091
13361
95008
-42956
-20603
50451
78724
-47346
-43677
47645
21002
-95012
-8188
73040
59188
-93596
-70275
88339
20869
-66208
-20008
39109
92089
-8800
-63788
47723
43416
-33876
-20911
53496
72532
-95018
-41958
89148
76021
-82923
-3119
38343
20789
-94401
-65259
61899
98109
-30960
-56326
19283
29860
-25385
-97742
44252
6911
-54612
-29900
27207
70626
-54556
-95641
22594
20085
-22973
-59433
52844
41522
-65470
-21380
66045
35734
-29462
-8245
67561
29674
-57027
-8659
25849
68332
-79151
-80670
14167
12933
-24951
-43118
6146
7571
-36768
-20506
68051
81011
-48180
-4369
71844
12026
-92682
-55978
5320
45889
-67891
-43635
93491
72374
-79170
-24956
621
91528
-19450
-54860
53721
76601
-76006
-41860
33113
72750
-84677
-8394
4614
39224
-44671
-24406
2555
48634
-8223
-29241
81387
62239
-8080
-8407
73770
20070
-5229
-67304
66871
14706
-50322
-72170
10599
36524
-45462
-69546
91533
44730
-21624
-96243
52203
12335
-18361
-34991
80269
54197
-97073
-91837
99664
82997
-96555
-42881
9108
49386
-18632
-22569
7881
32998
-94223
-48262
82410
97396
-88286
-67145
67932
7867
-70717
-22485
62026
68616
-66356
-34466
92513
91235
-84004
-48383
82462
35438
-13634
-61851
34515
4490
-61991
-37548
68173
19057
-5623
-50701
2389
77734
-82326
-83923
46767
17540
-91008
-12213
61339
88398
-30728
-80910
61125
10789
-59813
-66126
9364
1377
-45920
-59747
15605
12911
-70302
-10021
1646
20045
-69505
-24911
63517
73862
-51888
-52570
32406
17684
-42278
-40939
24953
30141
-35691
-54919
59995
13709
-58267
-92315
16325
13343
-88597
-13982
26420
14182
-30760
-37080
15866
78236
-29823
-65038
67400
16251
-48080
-49471
38829
52637
-87035
-93121
14413
75268
-13479
-66192
96033
5418
-71288
-14227
96333
91604
-99362
-46050
50290
79623
-11938
-50400
81244
46063
-56739
-88727
85571
43229
-42461
-89262
46570
58458
-42162
-97953
81411
91665
-80744
-3263
41050
88157
-61624
-48281
15384
18775
-64106
-20227
33066
9145
-56802
-30623
7463
63933
-58188
-74518
67092
73818
-14920
-28530
75067
48999
-92637
-52397
78914
87069
-51617
-91217
73991
80098
-44752
-28412
51199
72917
-50777
-41264
62885
60169
-88907
-79664
80174
53909
-7810
-90658
43651
47461
-54636
-25934
81856
45065
-59917
-38019
9640
27543
-54800
-54420
59439
22129
-95539
-26695
46120
18753
-72579
-43147
94574
32082
-26885
-49543
73722
5340
-86889
-42088
12515
18732
-42655
-12802
99753
27696
-83625
-87214
75569
53053
-14699
-48106
60158
56875
-74329
-95865
64290
82886
-46927
-84751
41668
52434
-3193
-96331
90065
93783
-94498
-89178
45975
48536
-58907
-99777
98377
57661
-21038
-55835
33030
16816
-59013
-57138
525
79760
-66165
-6168
53429
61388
-58779
-4713
13236
40491
-76084
-76512
34316
47524
-98992
-10038
30354
96246
-64640
-3067
72893
57199
-76746
-50407
66601
36121
-40087
-50731
70112
58071
-57219
-81282
51433
13982
-5865
-48918
87396
72720
-63808
-20208
29246
73987
-94580
-78770
39483
52767
-85084
-94797
1282
80710
-7991
-5885
43949
68500
-30385
-4197
6072
33451
-46340
-63805
29592
36569
-28901
-90108
84264
40643
-25868
-48944
63115
14339
-95795
-77944
68978
21616
-73450
-47262
73662
5416
-16251
-91505
76165
15671
-85104
-69618
18029
50583
-45529
-54853
37278
12591
-13244
-33662
31372
90804
-57231
-38831
92360
296
-99133
-36256
65497
18858
-99723
-56404
56037
37944
-95969
-90695
67238
8052
-65925
-96433
6177
99924
-34696
-39255
5802
12622
-67978
-24204
45639
49127
-74167
-91712
77532
54955
-40073
-76934
74069
98707
-14366
-13717
81884
99557
-82708
-39250
43910
61491
-54649
-55173
66388
57891
-11082
-73388
36448
74340
-59886
-34132
74063
67672
-353
-86372
47036
2447
-62903
-71838
11125
24385
-10968
-64755
49373
2405
-95942
-55742
63590
27200
-44326
-59462
73753
94798
-2368
-6761
92495
89226
-26614
-69058
6726
52950
-15123
-22513
97847
44295
-33385
-85614
40339
74719
-98481
-45823
40288
37076
-62176
-91826
78376
28363
-50642
-39502
56955
72191
-62923
-87964
11097
72441
-94921
-23522
89720
98598
-48648
-54482
82582
53
-21924
-18051
60176
58488
-72249
-84743
41729
49303
-96244
-3433
53442
54728
-73943
-59686
39999
99317
-90288
-64752
92426
22193
-91738
-80534
60683
81774
-90540
-82938
2843
94455
-61905
-11514
89196
18176
-60266
-33360
46626
17370
-92390
-30334
59601
55460
-85444
-30758
13469
94712
-4681
-34721
37023
56201
-83240
-49148
97027
47604
-38380
-53673
96027
72363
-65007
-75577
36524
22199
-36527
-30382
99123
99449
-6476
-32638
50724
93341
-50155
-42291
38396
61326
-1475
-71174
88148
93446
-98931
-8952
94498
73347
-90212
-89366
55129
65146
-9513
-96043
9550
36455
-40257
-84751
71105
59088
-91670
-71439
26430
917
-92330
-1916
15927
92989
-7822
-50510
34315
84228
-43314
-29764
58579
34693
-72850
-34377
70254
3169
-21702
-56666
88598
5396
-931
-79815
81662
68912
-44250
-24212
77033
90339
-57135
-13366
3144
74033
-20526
-64164
16150
76676
-92467
-2710
70986
52538
-51482
-83631
76496
28643
-75730
-49307
90370
34809
-16509
-90111
55659
21258
-84270
-30249
77557
12797
-4039
-11690
66646
98018
-67842
-82063
63795
93654
-20560
-86661
11607
80724
-21379
-28628
40120
47965
-11177
-88024
54249
53613
-49910
-80019
13733
55971
-11019
-61316
29198
69656
-74871
-94051
15256
22597
-86589
-94435
71103
41504
-27901
-92307
60763
31780
-43144
-33287
71388
40845
-94578
-83016
42086
20377
-93818
-70899
5285
54561
-56129
-39602
92932
4924
-17875
-11061
31670
99288
-6423
-79259
26956
22068
-36260
-79100
26516
73863
-94451
-58762
77088
78046
-67122
-40206
73639
43639
-82266
-86743
57249
75894
-59283
-95534
41409
67079
-49063
-61299
49223
9852
-54119
-46044
21711
31664
-85022
-54543
41494
59359
-2394
-46436
21480
7023
-32921
-80516
27525
69055
-47060
-9741
23947
15551
-10487
-2092
2043
57760
-13656
-26586
13
34751
-72561
-28349
5983
72845
-77326
-44318
88248
11798
-16465
-42832
80035
5803
-23135
-68392
69100
40660
-37257
-54629
7288
90570
-35663
-10331
37498
70899
-96177
-76720
36542
24558
-64906
-39793
67357
64552
-7816
-16531
35846
10010
-48489
-43394
80472
90757
-48879
-70204
22162
64214
-71302
-58328
60312
70303
-14413
-87056
17484
75199
-44722
-30871
89923
17278
-72241
-62745
65926
83541
-79530
-91579
57660
32674
-74378
-29602
71279
14977
-35913
-4959
9985
91805
-47465
-97856
11987
23232
-5926
-16296
4412
89555
-15143
-47454
28657
90216
-82802
-76514
18484
69325
-54929
-70669
9066
83395
-35357
-23131
12283
73585
-71561
-66579
28094
48214
-39353
-13521
36032
59473
-90897
-70653
97668
37899
-42317
-4863
15987
67165
-33457
-31547
60375
92643
-79082
-69249
95175
21870
-63116
-36886
36741
83821
-51809
-89216
50240
66623
-52181
-19646
94107
74110
-82524
-27154
71398
25384
-58700
-31348
50449
60629
-34364
-74699
28677
4246
-63174
-91077
17328
43436
-48591
-22294
84751
70739
-68944
-56919
52427
93316
-40079
-70467
91020
47206
-14838
-67395
81923
17711
-94456
-44441
3785
69941
-63439
-44184
26480
69048
-22350
-24330
17734
31879
-34240
-66622
41133
84427
-15021
-70867
29800
75103
-78959
-56916
55660
79322
-61812
-3999
88743
2785
-82319
-62698
82724
31693
-5863
-83537
94542
51174
-69746
-49901
38498
65725
-1075
-29510
60660
16977
-71846
-92375
78680
33614
-21751
-26831
16492
46732
-63407
-44223
31325
28227
-97054
-56453
97271
22683
-98529
-57505
22963
58951
-92882
-57356
30074
58918
-74178
-55947
98587
93600
-51746
-47855
20166
1797
-20744
-69418
2697
46896
-86059
-72011
77661
9601
-5372
-22237
78866
55084
-99195
-97423
35126
79693
-46375
-84968
33471
15956
-99396
-67615
16827
5364
-35187
-50353
16678
16725
-28055
-43209
37779
3941
-99671
-65504
85037
6142
-5097
-209
38329
53677
-11626
-68430
47719
22997
-50325
-15069
17219
15587
-29906
-23084
69429
95349
-64496
-92899
5492
77462
-83462
-71602
24128
17384
-62643
-85156
39022
28329
-22277
-29265
29522
24729
-35175
-96492
52420
7418
-17378
-44245
83291
36680
-26470
-75014
72278
10053
-5186
-50485
94429
49796
-62995
-10245
95956
22311
-93964
-14820
36143
28616
-90150
-19491
91944
2298
-70298
-39201
56159
12861
-44631
-89718
40322
55642
-38829
-42036
40386
11214
-92571
-76175
63115
53377
-42053
-53973
1691
42047
-78433
-40998
32190
77670
-8016
-1724
27356
69946
-10327
-1453
31161
96072
-37133
-48807
26018
75773
-68585
-69638
44856
81505
-7447
-5707
20789
22025
-44481
-11076
62416
22346
-32223
-87133
60486
49971
-23205
-85311
40580
54298
-1142
-26404
17257
66417
-62438
-64513
34824
20770
-49562
-34333
31104
53446
-19828
-97165
13543
26558
-79082
-7672
54405
18756
-63285
-91943
67797
69873
-94135
-73147
27827
62465
-1409
-23440
3289
6607
-64803
-18659
69686
21442
-69072
-25244
30172
90489
-24949
-63036
49959
89396
-86570
-14666
60045
89574
-53283
-12654
81179
38458
-82084
-91475
11502
98814
-46397
-39542
38999
96209
-21119
-90704
41438
33551
-63487
-9961
31096
17277
-53801
-88051
25886
31099
-44029
-2818
59379
29614
-67429
-63601
27239
51683
-44762
-32886
85007
52672
-87982
-15574
77774
83129
-6526
-83770
24094
66758
-26646
-92398
78618
66304
-33916
-46778
24023
794
-63415
-34392
90933
36529
-42965
-49
57413
90299
-54225
-99550
77996
49861
-62383
-7536
82761
78231
-65678
-15816
48806
76549
-30100
-92538
51447
23905
-19633
-3991
67278
5764
-41151
-42692
7639
75487
-82776
-26900
73389
57121
-71951
-78741
23455
72095
-37188
-59273
55824
9367
-79368
-44633
80018
50111
-79967
-32315
28688
75908
-22346
-60379
10527
1324
-94767
-78701
84942
26384
-53629
-9597
3526
27225
-21520
-8922
69014
88648
-32884
-44638
12325
27965
-99257
-16848
46771
70232
-79676
-63732
61057
15537
-29141
-61890
55333
98067
-57497
-98438
51672
92196
-32089
-40692
59452
53618
-77928
-12466
62418
75774
-73411
-12299
58548
25548
-58827
-65899
27652
78733
-81152
-74883
78740
52917
-25044
-78646
94733
47082
-38735
-30183
41166
79131
-1056
-4054
73533
83157
-17744
-59898
2968
18262
-82816
-18099
15386
77885
-19377
-88012
18193
17478
-42636
-72950
73817
62491
-45269
-4701
43734
50132
-93464
-82617
10647
6678
-73740
-15938
77863
38831
-58459
-13265
28564
46408
-12888
-78798
59731
64414
-70408
-12617
22612
80403
-86355
-90976
854
9776
-73911
-84914
64389
26860
-10408
-29419
28498
6269
-64705
-47046
13159
69981
-16182
-83982
89608
53916
-37806
-96019
41464
81524
-38414
-73094
98372
18108
-62994
-49952
24737
89659
-50176
-35449
16554
35322
-16931
-38222
96826
66537
-43242
-46254
61625
11953
-93755
-34033
2613
34756
-65205
-18659
59934
21183
-44337
-88423
31424
95404
-12279
-17423
31575
73608
-26489
-30173
65084
41931
-9293
-65239
45486
1469
-12310
-85819
12764
28280
-82297
-95783
4476
33233
-9412
-92535
35675
25783
-15700
-4165
15973
85563
-9895
-65606
31849
12225
-56642
-24500
3144
36210
-87110
-14743
78485
68191
-314
-90498
26552
3379
-33740
-3125
71450
11136
-33529
-99754
46785
12439
-71875
-76090
45554
36551
-46398
-76585
10342
79623
-16694
-10463
78135
90297
-47042
-6700
99366
50316
-83845
-35990
44692
79273
-73229
-9849
54654
70482
-4583
-68043
92456
91204
-67699
-30811
29504
78025
-17009
-54734
43942
7642
-67936
-53649
78220
91832
-53738
-83328
6413
78805
-73033
-61852
59740
76130
-13622
-97661
42454
86033
-34698
-56977
82316
49282
-44078
-39364
50136
44917
-76179
-66425
47558
96554
-1932
-50122
60048
94974
-97311
-39781
25484
9420
-45390
-57904
22263
4729
-79901
-90828
89460
31
-66714
-68476
91203
57205
-49301
-33173
60886
56689
-70898
-46611
3188
36326
-42668
-96472
2286
6779
-1081
-20203
14509
94829
-6352
-83264
87566
89601
-41689
-8790
53091
62996
-72269
-18439
43342
79509
-4207
-89604
67450
93873
-32135
-5696
10768
8860
-17392
-31795
52878
48455
-43238
-45120
86017
53227
-8210
-71082
75419
78583
-39433
-16949
30157
78458
-45990
-56056
49083
63534
-75517
-81666
98537
59817
-22188
-17775
56854
80097
-10227
-44091
62146
45094
-72883
-21968
45615
48132
-12330
-66294
35074
19836
-72129
-80559
34461
40166
-73419
-72335
66509
16923
-86708
-96853
37715
95838
-70372
-38903
94047
57710
-87375
-88828
20204
4109
-65756
-81409
5292
27206
-37146
-72744
85310
65987
-27805
-39278
77529
31108
-94345
-9559
39923
8407
-42417
-73587
81168
74517
-84844
-87372
12693
67636
-40591
-70263
5186
20134
-58179
-74677
13077
39730
-55831
-19271
63980
64189
-11346
-94509
29043
4549
-20329
-8216
85962
83985
-69692
-65243
32628
48796
-687
-76473
63310
5763
-60540
-24073
76777
1909
-63658
-78595
61578
36698
-82080
-3738
49000
44965
-51479
-46170
99005
92966
-74371
-26799
39433
24389
-74284
-26132
41401
51356
-40080
-94231
40391
139
-21149
-31508
74037
8457
-49754
-17705
4337
91450
-64783
-70658
44775
92535
-57147
-34281
81911
80950
-7558
-69884
53383
79590
-39068
-32774
31038
9477
-25005
-85698
23658
1740
-90420
-35861
7350
32036
-8036
-23405
34277
92810
-87924
-26213
30156
92600
-9384
-72802
68321
44652
-23048
-88580
88234
37279
-14018
-42087
5694
95994
-10911
-46490
60583
98363
-30121
-27172
93684
31695
-88701
-61381
45969
48150
-19706
-34802
57647
88117
-86617
-74059
43304
91137
-42868
-66000
94298
58220
-82467
-4520
21022
70370
-93266
-84827
21227
65729
-72341
-57910
34762
94818
-88404
-69673
23145
42041
-65501
-9119
8098
88578
-82555
-55534
48432
22055
-45519
-22659
36142
56628
-29799
-69162
67600
23263
-86108
-49153
28116
55130
-23261
-47966
59978
99152
-15028
-46813
48904
47416
-62413
-85194
5900
99375
-90810
-47026
69682
93236
-86570
-5132
82482
65626
-67910
-50007
1630
10125
-19220
-58151
26185
2428
-12071
-90035
33821
43614
-62633
-22177
76799
17069
-34843
-63319
42745
96918
-45885
-93222
57838
41210
-10545
-25273
29055
89070
-27082
-37883
69529
48266
-79221
-2902
64952
41076
-91863
-79981
3184
24665
-49032
-13681
52088
23712
-83429
-47921
63650
91619
-46822
-12428
78480
52080
-36156
-73957
22392
16327
-89528
-68614
72010
65477
-51544
-75823
31018
99072
-58227
-55475
31990
14519
-72892
-19665
56304
24830
-19652
-94193
19531
92306
-64012
-16210
67210
79489
-54466
-27109
56202
14610
-5136
-80531
96666
89436
-19060
-86940
38849
39964
-54601
-80983
60993
50884
-52982
-91544
42344
38726
-67851
-31920
88540
21813
-9924
-43409
6450
24033
-67215
-47213
54895
37434
-19620
-30242
28328
16451
-70156
-88574
81370
27913
-753
-17823
93905
68894
-41733
-70777
36075
40750
-83693
-25494
46121
46374
-66357
-29313
81205
81521
-3072
-83589
42621
74446
-8761
-67206
27099
16783
-18661
-88030
91628
10488
-17471
-8763
51249
50419
-77557
-89418
19828
85011
-54552
-41911
3445
23362
-90537
-99751
41882
51007
-30321
-9281
84753
69127
-75574
-21610
36144
78005
-40206
-95725
84783
27943
-39571
-80047
40811
4181
-64036
-27581
48506
56955
-56747
-74287
98665
65146
-87880
-92952
13581
84284
-47709
-56125
90660
38339
-36049
-8777
61987
12107
-39958
-86867
83991
24357
-5212
-99523
33368
69669
-96332
-36011
43455
68532
-57139
-87948
65506
4080
-24966
-31259
65610
57556
-79083
-91081
96766
20173
-55648
-73823
39333
64846
-18339
-7580
4764
42870
-72066
-98541
73945
64054
-59235
-3030
96061
56376
-71795
-28788
72590
15412
-58117
-82755
75006
31291
-81760
-76820
58757
94201
-26982
-41497
78731
68479
-84942
-36504
2273
97837
-58742
-25056
96340
36494
-14387
-3925
89059
98705
-28160
-37981
32177
76268
-52947
-54174
81890
93864
-59189
-40348
43736
63279
-91947
-29326
29667
46429
-40029
-16826
96911
25385
-88411
-27216
75542
83056
-22054
-95686
99997
76735
-10989
-5606
3771
57822
-84881
-32713
28255
74572
-46193
-14497
14843
15055
-69150
-59441
49082
73202
-52572
-23369
16219
8817
-56296
-94488
63601
51205
-83079
-11878
18685
63545
-26693
-70102
83947
88922
-97509
-94396
66048
68924
-58865
-16221
64605
99843
-2434
-56073
16413
18265
-18926
-31035
51854
17818
-27500
-64674
2751
15741
-87592
-10768
15191
43283
-41718
-65943
33819
93587
-66653
-29254
68761
14972
-98925
-75859
72913
98758
-36619
-62902
88180
94118
-97330
-75416
69186
53692
-9338
-47781
68692
11853
-98496
-83387
77901
65207
-24829
-71895
5814
99893
-74724
-79275
69700
87215
-22042
-78868
30253
88876
-3442
-93389